19378.9
19379
19491.5
19491.7
19678.2
19678.3
19652.4
19652.6
19551.4
19551.6
19739.9
19739.9
19553.2
19553.5
19652
19652.1
19609.7
19609.8
19708
19708
19596.2
19596.4
19542.6
19542.7
19627.1
19627.3
19845.6
19845.7
19563.1
19563.2
19661.9
19662.1
19739.7
19739.8
19738.1
19738.1
19527.9
19528
19431
19431.1
19497.3
19497.4
19852.1
19852.3
19523
19523.1
19744.3
19744.3
19504.4
19504.5
19898.2
19898.5
19551.5
19551.6
19629.1
19629.3
19521.3
19521.5
19504.2
19504.3
19477
19477.2
19608.3
19608.4
19717.8
19717.9
19613.5
19613.6
19500.9
19501
19604.4
19604.6
19786.8
19787
19501.6
19501.7
19589.9
19590
19368.5
19368.6
19439.8
19439.9
19850.1
19850.2
19592.3
19592.5
19638.5
19638.6
19739.1
19739.2
19497.6
19497.6
19662.4
19662.5
19694
19694.1
19671.1
19671.2
19446.6
19446.7
19730.6
19730.8
19543.2
19543.3
19756.1
19756.2
19475.8
19476
19448.4
19448.5
19657.5
19657.6
19584.9
19585.1
19825.3
19825.5
19612.7
19612.8
19779.3
19779.4
19543.5
19543.5
19503
19503
19514.6
19514.7
19752.7
19752.7
19661.6
19661.8
19505
19505.1
19725.3
19725.5
19732.4
19732.5
19801
19801.2
19663.8
19663.9
19515.8
19515.9
19447.4
19447.5
19568.9
19569
19971.2
19971.4
19495
19495.1
19617.4
19617.6
19442.5
19442.6
19605.3
19605.4
19491.3
19491.5
19634.2
19634.3
19523.8
19524
19646.5
19646.7
19679.3
19679.4
19653.9
19654
19454.7
19454.9
19657.6
19657.7
19706.4
19706.6
19440.6
19440.7
19702.1
19702.2
19805.9
19806
19459.5
19459.6
19479.1
19479.2
19658.2
19658.3
19739
19739
19491.1
19491.2
19695.4
19695.5
19501.4
19501.5
19716.3
19716.4
19566.7
19566.9
19505.8
19505.9
19609.6
19609.6
19788.6
19788.7
19761.6
19761.6
19660.3
19660.4
19404.8
19404.9
19834
19834.1
19513.1
19513.2
19698
19698.1
19481.7
19481.8
19519.2
19519.4
19605.6
19605.7
19656.7
19656.8
19608
19608.1
19421
19421
19722.6
19722.8
19639.7
19639.8
19678.1
19678.2
19634.2
19634.3
19425.7
19425.9
19407.6
19407.7
19587.3
19587.5
19591.8
19591.9
19560.8
19560.9
19614.6
19614.7
19604
19604.2
19766.6
19766.7
19702.1
19702.1
19407.6
19407.5
19684.4
19684.5
19560.3
19560.5
19573.6
19573.8
19653.3
19653.4
19770.1
19770.1
19547.3
19547.4
19570.8
19570.9
19684.7
19684.9
19633.5
19633.6
19643.4
19643.4
19747.7
19747.8
19464.8
19464.9
19692.7
19692.8
19598.3
19598.5
19638.4
19638.4
19488.5
19488.6
19334.4
19334.5
19703
19703.1
19876.6
19876.7
19650.8
19650.9
19635
19635.1
19598
19598.1
19284.1
19284.3
19502.3
19502.4
19587.3
19587.4
19329.7
19329.9
19645.1
19645.2
19606.8
19606.9
19691
19691.1
19554.3
19554.3
19451.6
19451.7
19647.2
19647.3
19410
19410
19609.7
19609.9
19838.7
19838.8
19677.2
19677.4
19618.8
19618.8
19486.9
19487
19471.7
19471.8
19604.8
19604.9
19801
19801.2
19782.1
19782.2
19761.3
19761.3
19596.6
19596.7
19688.9
19689.1
19578.3
19578.4
19522.3
19522.5
19718.2
19718.4
19635.6
19635.8
19771.7
19772
19671.5
19671.7
19608.2
19608.2
19574.8
19574.8
19798.8
19799
19613.2
19613.4
19301.5
19301.6
19550.4
19550.5
19553.9
19554
19764.2
19764.4
19745.4
19745.4
19660.2
19660.3
19765.7
19765.7
19426
19426.2
19551.2
19551.2
19639.7
19639.8
19586.3
19586.3
19547.4
19547.5
19698.2
19698.3
19687.2
19687.4
19495.1
19495.2
19677.7
19677.8
19574.9
19575.1
19724.3
19724.5
19612.5
19612.6
19646.8
19646.9
19426
19426.1
19657.3
19657.5
19994.2
19994.5
19487.4
19487.6
19412.6
19412.7
19609.7
19609.9
19504.2
19504.4
19670.4
19670.5
19507.5
19507.7
19601.9
19601.9
19435.4
19435.5
19765.1
19765.3
19709.3
19709.4
19615.2
19615.3
19658
19658.1
19621.7
19621.9
19663.7
19663.8
19704.4
19704.5
19494.8
19494.8
19774.1
19774.3
19671.3
19671.4
19469.3
19469.4
19637.1
19637.2
19544.5
19544.6
19828
19828.3
19630.3
19630.5
19607.9
19607.9
19673.9
19674
19680.6
19680.7
19609.4
19609.5
19588
19588.2
19713
19713.1
19402.1
19402.3
19544.8
19544.9
19597.2
19597.2
19745
19745.1
19549.9
19550
19698.7
19698.7
19782.1
19782.2
19533.8
19533.8
19657
19657.1
19512.4
19512.6
19677
19677.1
19679.2
19679.3
19431.6
19431.7
19598.2
19598.3
19601.9
19602
19648.9
19648.9
19792.6
19792.7
19711.8
19711.8
19538.2
19538.3
19798.8
19798.9
19464.9
19464.9
19681.9
19682
19794.1
19794.3
19747.2
19747.4
19743.2
19743.3
19394.6
19394.7
19648
19648.1
19496.5
19496.6
19691.8
19692
19593
19593.1
19485.2
19485.4
19682.8
19682.9
19625.8
19625.9
19780.6
19780.7
19479
19479.1
19567.8
19567.9
19772.4
19772.5
19790.6
19790.8
19485
19485.1
19800.9
19801
19709.6
19709.7
19477.3
19477.4
19605.7
19605.8
19618.2
19618.3
19620
19620.2
19487.3
19487.4
19667.9
19668
19774.6
19774.7
19668.6
19668.7
19608.7
19608.8
19829.9
19830
19754.7
19754.8
19373.7
19373.9
19623.1
19623.1
19640.9
19641.1
19705.6
19705.6
19336.4
19336.5
19732.2
19732.3
19639.3
19639.4
19638.9
19639
19622.5
19622.5
19531.7
19531.7
19543.9
19543.9
19718.8
19718.9
19381.2
19381.3
19464.5
19464.6
19464.9
19465
19765.5
19765.5
19485.2
19485.4
19513.7
19513.8
19484
19484.1
19684.2
19684.4
19602.6
19602.7
19843.8
19844
19500.4
19500.6
19511
19511.1
19637.1
19637.3
19617
19617.1
19749.6
19749.7
19747.8
19747.9
19612.7
19612.8
19602
19602.2
19608.9
19609.1
19700.1
19700.2
19537.5
19537.6
19423
19423.2
19537.9
19538
19662.3
19662.2
19539.5
19539.6
19708.5
19708.6
19691.4
19691.5
19517.3
19517.4
19748
19748.1
19471
19471.1
19502.2
19502.3
19417.9
19418
19786.9
19787.1
19693.3
19693.4
19714.5
19714.6
19662.5
19662.6
19469.5
19469.6
19443.1
19443.3
19689
19689.1
19581.8
19581.9
19697.3
19697.4
19837.3
19837.4
19905.5
19905.6
19498
19498.1
19547.4
19547.5
19700.4
19700.5
19553.2
19553.2
19602.6
19602.7
19621.9
19621.9
19434.3
19434.5
19881.2
19881.2
19692
19692.1
19531
19531.2
19762.9
19763.1
19428.6
19428.7
19523.6
19523.8
19626.4
19626.6
19407.4
19407.6
19679.7
19679.8
19656.1
19656.3
19610.7
19610.9
19475.5
19475.6
19830.7
19830.8
19537.6
19537.9
19543.6
19543.7
19554.6
19554.6
19590
19590.1
19612.5
19612.7
19895.6
19895.8
19557.5
19557.6
19668.3
19668.5
19714.4
19714.6
19371.2
19371.3
19465.2
19465.5
19487.2
19487.4
19429.5
19429.6
19754.2
19754.3
19549.4
19549.5
19650.6
19650.7
19632.6
19632.8
19932.7
19932.8
19541.1
19541.2
19623.5
19623.6
19672.6
19672.8
19589.6
19589.7
19559.5
19559.5
19539.1
19539.3
19584.3
19584.4
19615.6
19615.7
19752.6
19752.7
19624.1
19624.2
19703
19703
19779.2
19779.3
19631
19631.1
19642.7
19642.8
19529.5
19529.6
19446.5
19446.6
19819.8
19820
19764.6
19764.7
19556.9
19557
19694.1
19694.2
19773.9
19774.1
19703.1
19703.2
19536.7
19536.8
19622.4
19622.5
19569.5
19569.6
19531.9
19532.1
19616
19616.1
19688.9
19689.1
19359
19359.1
19502.6
19502.7
19684.8
19684.9
19650.1
19650.1
19558.9
19559
19695.9
19696
19527.1
19527.1
19554.8
19554.9
19621.1
19621.3
19567
19567.1
19737.1
19737.3
19457
19457.2
19585.2
19585.2
19812.9
19813
19514.3
19514.5
19494.7
19494.8
19465.6
19465.9
19512.1
19512.1
19672.7
19673
19723
19723
19622.9
19623
19521.9
19522.1
19690.7
19690.7
19387.5
19387.7
19600.1
19600.2
19812.2
19812.5
19467.8
19467.9
19533.2
19533.3
19553.1
19553.2
19730.3
19730.4
19721.5
19721.6
19466.9
19467
19168.5
19168.6
19527.9
19528.1
19627.1
19627.3
19561.7
19561.9
19600.4
19600.6
19679.5
19679.6
19624.7
19624.8
19598.5
19598.6
19481
19481.2
19542.8
19543
19554.9
19555
19367
19367.1
19552.6
19552.7
19621.3
19621.5
19639.5
19639.6
19756.4
19756.5
19800.1
19800.3
19489.6
19489.6
19490.1
19490.3
19725.6
19725.7
19610.5
19610.6
19406.3
19406.4
19458.2
19458.2
19530.9
19531
19476.1
19476.2
19276.7
19276.9
19494.9
19495
19685.1
19685.2
19597.8
19597.9
19528
19528
19772.3
19772.4
19427.8
19427.9
19672.4
19672.5
19467.5
19467.7
19636.8
19636.9
19631.1
19631.2
19511.4
19511.5
19540.3
19540.5
19572.5
19572.5
19788.6
19788.8
19461.5
19461.7
19388
19388.1
19530.1
19530.4
19647.6
19647.7
19666.2
19666.2
19557.3
19557.3
19477
19477.2
19506.3
19506.4
19420.8
19420.9
19733.2
19733.3
19662.9
19663
19508.9
19508.9
19537.7
19537.9
19624.4
19624.6
19600.7
19600.8
19638.2
19638.3
19831.9
19832
19788.6
19788.7
19418.7
19418.9
19650.3
19650.4
19838.7
19839
19635.2
19635.2
19804.4
19804.5
19723.7
19723.8
19524.8
19524.8
19516
19516.2
19560.6
19560.8
19935.1
19935.2
19503
19503.1
19629.2
19629.3
19609.6
19609.6
19478.6
19478.7
19526.8
19527
19654.4
19654.6
19663.6
19663.7
19591.1
19591.2
19607.9
19608
19722.9
19723.1
19525.7
19525.8
19495.6
19495.8
19434
19434.2
19752.4
19752.5
19581
19581.1
19731.9
19732
19639.8
19639.9
19616.4
19616.5
19715.5
19715.6
19715.8
19715.9
19735.8
19735.9
19626.9
19627
19721
19721.1
19633.9
19634.1
19499.1
19499.2
19784.7
19784.8
19564.1
19564.2
19643.1
19643.1
19622.7
19622.7
19557.7
19557.9
19351.1
19351.1
19485
19485.1
19448.7
19448.8
19701.1
19701.3
19583.5
19583.6
19297.1
19297.1
19459.1
19459.2
19505.9
19506.1
19582.9
19582.9
19699.1
19699.2
19443.9
19444.1
19745.5
19745.7
19468.4
19468.4
19517.6
19517.7
19671.4
19671.5
19658.9
19659
19776.7
19776.9
19452.6
19452.7
19597.1
19597.2
19622.1
19622.2
19675
19675.1
19443.8
19443.9
19649.4
19649.4
19699.6
19699.7
19551.5
19551.7
19616.2
19616.3
19502.5
19502.7
19686.1
19686.2
19773.3
19773.5
19625.3
19625.4
19533.4
19533.5
19903.4
19903.5
19638.8
19638.9
19560
19560.1
19514.2
19514.3
19637.4
19637.5
19712.9
19713
19593.2
19593.3
19574
19574.1
19432.3
19432.5
19572.8
19573
19544.1
19544.4
19733.6
19733.8
19611.9
19611.9
19527
19527.1
19488.2
19488.4
19530.7
19531
19552.5
19552.6
19719.5
19719.5
19839.3
19839.4
19809.7
19809.8
19723.6
19723.7
19736
19736.1
19561.1
19561.1
19826.8
19826.9
19560.8
19560.9
19602.7
19602.8
19489.6
19489.8
19746
19746.2
19586.1
19586.3
19696.9
19697.1
19609.8
19610
19638.2
19638.4
19609.7
19610
19573.9
19574.1
19482
19482
19577.9
19578.1
19567.7
19567.9
19603.8
19604
19742.8
19743
19639.5
19639.5
19561.2
19561.3
19876.8
19876.8
19641.5
19641.6
19599.6
19599.8
19712
19712.1
19569
19569.1
19714.3
19714.5
19829
19829.1
19643.4
19643.6
19757.5
19757.5
19556.3
19556.4
19689.5
19689.6
19545.6
19545.8
19768.6
19768.7
19682.1
19682.4
19622.6
19622.7
19833.1
19833.2
19632.4
19632.5
19839.3
19839.4
19693.8
19693.9
19497.4
19497.6
19664.4
19664.4
19889.7
19889.8
19537.3
19537.4
19596.1
19596.4
19753.9
19754
19593.9
19594.1
19522.6
19522.7
19517.3
19517.5
19482.7
19482.9
19670.4
19670.5
19507.6
19507.8
19552.4
19552.6
19526.9
19526.9
19627.2
19627.2
19638.5
19638.7
19773
19773.2
19438.1
19438.2
19585.5
19585.6
19759.6
19759.8
19497.9
19497.9
19602.6
19602.6
19600.5
19600.7
19398.3
19398.4
19596.9
19596.9
19429
19429.1
19452.1
19452.3
19711.7
19711.8
19517.7
19517.8
19612.2
19612.4
19618.7
19618.8
19880.7
19880.8
19658.7
19658.8
19524.4
19524.5
19619.2
19619.4
19693.7
19693.7
19791.5
19791.5
19605.6
19605.7
19798.2
19798.4
19627.6
19627.7
19497.4
19497.5
19276.8
19276.8
19520.7
19520.7
19620.1
19620.3
19390.9
19391
19668.3
19668.3
19541.5
19541.6
19757.5
19757.6
19497.3
19497.4
19719
19719.1
19509
19509.1
19575.2
19575.4
19599.3
19599.4
19696.7
19696.9
19635.2
19635.4
19794.4
19794.6
19583.5
19583.7
19759.7
19759.9
19553.6
19553.8
19580.8
19580.9
19502.9
19502.9
19707.4
19707.5
19564.4
19564.5
19865
19865.1
19793.8
19794
19903.9
19903.9
19518.6
19518.8
19701.4
19701.6
19546.2
19546.4
19505.8
19505.9
19666.5
19666.6
19717.7
19717.7
19545.1
19545.3
19597.6
19597.6
19657.4
19657.6
19584.9
19585
19522.4
19522.5
19557.1
19557.2
19779.9
19780
19612.9
19613.1
19808
19808.1
19575.7
19575.8
19496.7
19496.8
19483
19483.1
19438.8
19438.9
19737.3
19737.5
19750.7
19750.9
19551.5
19551.7
19568.5
19568.6
19468.2
19468.3
19457.9
19458.1
19753.8
19754
19608.9
19609
19664.9
19665.1
19533.6
19533.8
19724.9
19725
19432.2
19432.3
19463.8
19463.9
19630.4
19630.4
19543
19543.1
19469.8
19469.9
19484.6
19484.7
19704.4
19704.5
19571.6
19571.7
19803.4
19803.4
19428.3
19428.4
19501.5
19501.7
19686.4
19686.5
19396.1
19396.2
19582.5
19582.7
19640.2
19640.4
19682
19682.1
19819.6
19819.6
19479.8
19480
19677
19677.1
19585.9
19586.1
19684.6
19684.6
19506.7
19506.9
19708.9
19709
19523.3
19523.4
19623.9
19623.9
19597
19597
19617.6
19617.6
19698.9
19699
19552.4
19552.6
19619.1
19619.2
19657.2
19657.4
19724.1
19724.2
19455.1
19455.2
19836.3
19836.4
19526.5
19526.6
19565.7
19565.8
19872.4
19872.6
19578.9
19579
19713.4
19713.5
19816.6
19816.7
19543.1
19543.3
19552.8
19553.1
19461.6
19461.7
19551.1
19551.2
19731.4
19731.5
19709.2
19709.4
19638.4
19638.5
19572.8
19572.9
19584.6
19584.8
19446.2
19446.4
19702
19702.2
19611.5
19611.6
19510.2
19510.4
19432.8
19433
19667.8
19667.9
19525.1
19525.2
19809.4
19809.5
19602.3
19602.4
19583.4
19583.5
19677.4
19677.5
19700.1
19700.1
19502.5
19502.6
19540.1
19540.2
19665.4
19665.5
19808.3
19808.3
19667.5
19667.7
19539.5
19539.5
19653.9
19654.1
19461.6
19461.7
19705
19705.2
19506.5
19506.6
19557.9
19558
19442.6
19442.6
19496.1
19496.3
19664.6
19664.6
19727.1
19727.3
19639.4
19639.4
19609.6
19609.7
19642.1
19642.2
19440.2
19440.4
19479.7
19479.8
19864.6
19864.7
19582.2
19582.3
19734.6
19734.7
19631.3
19631.5
19596.2
19596.3
19575.9
19576
19707
19707.2
19461.8
19461.9
19623.5
19623.7
19698.3
19698.6
19794.3
19794.3
19678.7
19678.8
19634.4
19634.4
19743.9
19744.1
19705
19705.1
19868.5
19868.6
19673.4
19673.7
19415.7
19415.8
19828.5
19828.6
19731.9
19732
19490.4
19490.5
19495.2
19495.3
19712.4
19712.5
19722.1
19722.2
19565.4
19565.5
19624.9
19625
19551.8
19552
19587.5
19587.5
19696.4
19696.5
19834.6
19834.7
19665.9
19666
19628.2
19628.3
19583.5
19583.6
19601.4
19601.5
19537.2
19537.3
19758.5
19758.5
19507.7
19507.8
19581
19581.1
19589.8
19589.8
19658.5
19658.7
19707.8
19707.9
19580
19580
19546.5
19546.7
19508.4
19508.6
19703.5
19703.6
19587.7
19587.7
19637.6
19637.7
19446
19446.1
19759.2
19759.3
19841.8
19841.8
19361.5
19361.6
19538.6
19538.8
19651
19651.1
19378.6
19378.7
19267.6
19267.8
19751.4
19751.6
19611.2
19611.3
19574.8
19574.9
19615.4
19615.6
19649.1
19649.2
19558
19558.2
19579.9
19580
19398.1
19398.3
19579.8
19580
19847
19847.1
19452.4
19452.4
19672.7
19672.8
19648.6
19648.7
19653
19653
19616.9
19617.1
19582.9
19583.1
19333.6
19333.7
19561.8
19561.9
19635.8
19635.9
19650.4
19650.5
19543.1
19543.2
19609.1
19609.2
19660.1
19660.1
19653.2
19653.3
19401.3
19401.5
19546.1
19546.2
19698.8
19699
19796.1
19796.1
19740.1
19740.1
19455.4
19455.6
19637.4
19637.6
19426.5
19426.6
19599.3
19599.4
19547.6
19547.7
19404.8
19404.8
19584.3
19584.3
19750.1
19750.2
19536.3
19536.3
19564.1
19564.2
19629.2
19629.2
19471.4
19471.5
19441.2
19441.3
19764.5
19764.6
19719
19719.1
19601.7
19601.7
19647.1
19647.2
19413.1
19413.1
19560.6
19560.9
19701.1
19701.3
19633.6
19633.7
19877.4
19877.6
19632.1
19632.1
19620.4
19620.6
19757.7
19757.8
19555
19555
19595.8
19595.8
19759.1
19759.2
19659.7
19659.8
19690.1
19690.2
19537.2
19537.3
19615.4
19615.6
19589
19589.1
19655.8
19656
19550.4
19550.5
19622.1
19622.1
19568.1
19568.3
19629.9
19630
19736.1
19736.3
19627.1
19627.2
19561.5
19561.6
19708.4
19708.4
19453
19453.2
19674.6
19674.8
19635.8
19636
19466.9
19467
19535
19535.2
19309.3
19309.4
19410.5
19410.8
19559.9
19560.1
19567
19567.1
19629.5
19629.7
19460.7
19460.9
19680.2
19680.3
19664.6
19664.7
19648.8
19648.9
19629.8
19630
19658.8
19658.9
19648.1
19648.2
19521.5
19521.7
19404.3
19404.4
19424.5
19424.6
19542.1
19542.2
19760.7
19760.7
19496.9
19497
19467.3
19467.4
19404.2
19404.3
19525.9
19526.1
19565.1
19565.1
19587.5
19587.6
19724.2
19724.3
19478.1
19478.3
19585.9
19586
19496.2
19496.3
19627.3
19627.2
19757.2
19757.3
19526.4
19526.5
19441.9
19441.9
19609.6
19609.8
19367.2
19367.3
19806.6
19806.7
19861.1
19861.3
19549.3
19549.5
19512.1
19512.3
19459.1
19459.3
19620.8
19620.9
19773.9
19774
19568.7
19568.8
19596.7
19596.7
19694.6
19694.8
19531.6
19531.8
19634
19634.1
19771.1
19771.2
19761.9
19762
19544.4
19544.6
19825.2
19825.3
19585.3
19585.5
19773.3
19773.5
19643.1
19643.2
19428.3
19428.4
19404.6
19404.7
19706.3
19706.5
19677.2
19677.4
19362.8
19362.9
19588.7
19588.8
19453.4
19453.5
19563.9
19564.1
19495.1
19495.3
19653.2
19653.2
19574.5
19574.6
19790.3
19790.5
19763.4
19763.5
19836.4
19836.5
19645.6
19645.8
19586.2
19586.4
19717.7
19717.8
19702.3
19702.4
19670.3
19670.5
19459.5
19459.7
19649.9
19650
19634.8
19634.9
19517.4
19517.6
19493.2
19493.3
19682.3
19682.4
19418.8
19419
19557.5
19557.6
19578.6
19578.8
19478.2
19478.4
19588.4
19588.5
19853.4
19853.5
19840.3
19840.4
19707.8
19707.9
19569.3
19569.3
19684.7
19684.9
19599.7
19599.8
19519.9
19520.1
19566.2
19566.3
19687.1
19687.2
19462.3
19462.5
19525.3
19525.4
19398.9
19399.1
19650.7
19650.8
19596.9
19596.9
19817.9
19818.2
19541.2
19541.4
19498.5
19498.5
19503.4
19503.4
19797.5
19797.6
19620.3
19620.4
19606.1
19606.1
19659.3
19659.4
19635.7
19635.8
19592.4
19592.7
19855.1
19855.3
19458.8
19458.9
19591.2
19591.3
19548.3
19548.4
19622
19622.1
19714.8
19714.9
19578.2
19578.4
19470.1
19470.2
19577.9
19578
19703.1
19703.2
19716.3
19716.4
19666.3
19666.4
19591.5
19591.5
19793.8
19793.9
19455.8
19456
19548.6
19548.7
19625.9
19626
19405.1
19405.2
19514.1
19514.2
19601.3
19601.4
19515.8
19516
19537.7
19537.7
19672.5
19672.6
19583.3
19583.4
19621
19621.2
19601.6
19601.7
19648.8
19649
19543.2
19543.3
19724.1
19724.2
19658.7
19658.8
19553.5
19553.6
19478.9
19479
19685.3
19685.4
19726.9
19727
19418.3
19418.4
19417.9
19418
19602.2
19602.3
19605.5
19605.6
19558.7
19558.9
19611.5
19611.7
19728.1
19728.2
19573.9
19574.1
19561.3
19561.5
19590.3
19590.4
19566.3
19566.5
19792.4
19792.6
19596
19596.2
19477.8
19477.9
19727.3
19727.4
19539.1
19539.2
19637.1
19637.2
19419.1
19419.2
19504.3
19504.4
19682.9
19683
19596
19596.1
19715.5
19715.7
19489.3
19489.3
19637.6
19637.7
19572.4
19572.5
19618.1
19618.1
19756
19756.1
19650.7
19650.8
19612.2
19612.4
19491.4
19491.6
19355.9
19356
19526.2
19526.4
19465.5
19465.5
19523.3
19523.4
19472.6
19472.7
19533
19533.1
19687
19687.1
19551.3
19551.5
19662
19662.1
19626.4
19626.4
19631.5
19631.5
19844.2
19844.3
19568.2
19568.3
19631.1
19631.1
19640.9
19641.1
19724.8
19724.9
19527.5
19527.6
19523.5
19523.5
19752.7
19752.9
19568.9
19568.9
19543.6
19543.7
19790.3
19790.5
19814.5
19814.5
19476.3
19476.5
19740.5
19740.6
19581.2
19581.3
19570.2
19570.3
19441.6
19441.7
19648
19648.1
19516.1
19516.3
19386.2
19386.3
19741.2
19741.3
19699.1
19699.2
19786
19786.1
19612.7
19612.8
19646.5
19646.7
19590.2
19590.3
19812.3
19812.4
19747.5
19747.6
19493.4
19493.5
19707.9
19708
19651.7
19651.8
19664.9
19665
19668.2
19668.3
19518.8
19519
19450
19450.1
19716.3
19716.3
19645.6
19645.7
19727.8
19728
19519.9
19519.9
19594.8
19594.9
19744
19744.1
19727.2
19727.4
19538.9
19539.1
19639.9
19640
19626.1
19626.2
19438
19438.1
19536.6
19536.8
19471.2
19471.3
19679.4
19679.5
19727.2
19727.2
19767.3
19767.4
19396.1
19396.3
19440.9
19441
19488.1
19488.3
19845
19845.1
19825.8
19825.9
19446.9
19447
19498.3
19498.5
19543.3
19543.4
19484.7
19484.9
19627.5
19627.6
19629.5
19629.7
19399
19399
19587.2
19587.3
19514.1
19514
19592.5
19592.7
19758.3
19758.3
19666
19666.2
19329.4
19329.4
19735.6
19735.8
19630.8
19630.8
19273.2
19273.3
19438.2
19438.3
19551.2
19551.3
19704
19704.1
19515.6
19515.8
19468.3
19468.4
19428.4
19428.5
19716.8
19716.9
19461.8
19462
19502.4
19502.5
19541
19541.1
19679.4
19679.5
19492.6
19492.6
19612
19612.2
19734
19734.1
19536.5
19536.6
19682
19682.1
19386.1
19386.3
19515.8
19515.9
19589.3
19589.4
19418.4
19418.5
19552.6
19552.8
19826.2
19826.3
19574.3
19574.5
19541.3
19541.4
19809.6
19809.7
19798
19798.2
19732.2
19732.2
19298.3
19298.5
19589.7
19589.9
19743.3
19743.5
19549
19549
19742.5
19742.5
19625.9
19626
19677.7
19677.6
19447.4
19447.6
19745.3
19745.4
19685.7
19685.7
19690.4
19690.6
19594.6
19594.8
19428
19428.2
19565.3
19565.4
19674.8
19675
19594
19594.1
19547
19547.1
19525.9
19526.1
19570.9
19571.1
19391.8
19391.9
19730.9
19731.1
19400.3
19400.5
19637.6
19637.6
19637.2
19637.3
19604.3
19604.4
19682.7
19682.8
19465.3
19465.4
19527.1
19527.2
19512.6
19512.7
19489.2
19489.4
19619.1
19619.1
19572.9
19573
19724.9
19725
19350.1
19350.3
19669.4
19669.5
19559.4
19559.5
19601.7
19601.7
19693.4
19693.4
19623.9
19624
19768.1
19768.2
19726.7
19726.8
19823.7
19823.8
19483.4
19483.5
19747.7
19747.9
19471.4
19471.4
19624.3
19624.4
19694.5
19694.6
19660.6
19660.7
19478.2
19478.4
19396.8
19396.9
19686.9
19687.1
19579.7
19579.8
19436.7
19436.8
19752.2
19752.3
19453.5
19453.6
19443.8
19444
19725.9
19726
19626
19626
19501.7
19501.8
19671.2
19671.3
19680
19680.1
19370.6
19370.6
19581.9
19582
19550
19550
19780.4
19780.4
19596.1
19596.2
19658.8
19659
19794.3
19794.5
19696.3
19696.5
19411.7
19411.8
19780.7
19780.8
19687.8
19688
19778.8
19778.9
19615.4
19615.6
19243.1
19243.2
19481.7
19481.8
19813.5
19813.7
19681.4
19681.5
19298.4
19298.6
19720.8
19720.9
19691
19691.2
19445.5
19445.6
19549
19549
19507.7
19507.7
19494.2
19494.4
19652.6
19652.7
19769.4
19769.5
19768.3
19768.4
19474.5
19474.7
19493.2
19493.2
19700.3
19700.4
19716.1
19716.2
19569.5
19569.6
19406.3
19406.4
19771.1
19771.3
19543.6
19543.7
19527.8
19527.7
19510.2
19510.2
19542.5
19542.6
19751.8
19752
19541.7
19541.8
19524.5
19524.6
19549.4
19549.6
19726.4
19726.5
19600
19600.3
19437.8
19438
19381.5
19381.6
19527.7
19527.8
19530.5
19530.7
19760.5
19760.7
19888.4
19888.5
19675.5
19675.7
19620.3
19620.5
19535.8
19535.9
19638.4
19638.6
19750.9
19751.1
19604.4
19604.5
19464.4
19464.5
19440.2
19440.3
19652.7
19652.8
19543.7
19543.9
19491.6
19491.8
19713.6
19713.8
19548.9
19549
19523.7
19523.8
19438.4
19438.4
19692
19692.1
19751.1
19751.2
19644.6
19644.6
19599.2
19599.3
19472.5
19472.6
19814.9
19814.9
19670.1
19670.2
19522.2
19522.5
19709
19709.1
19534.2
19534.3
19506.5
19506.5
19798.6
19798.6
19630.4
19630.5
19528
19528.1
19587.6
19587.7
19765.2
19765.3
19598.9
19599
19668.9
19669
19586.1
19586.3
19559.2
19559.4
19498
19498.1
19694.7
19694.9
19636.5
19636.5
19811.8
19812
19424.9
19425
19461.1
19461.3
19662
19662
19586.6
19586.6
19576
19576.2
19581.4
19581.5
19648
19648.1
19365.6
19365.7
19539.4
19539.5
19555.6
19555.8
19607.1
19607.4
19651.7
19651.8
19651.1
19651.2
19611.6
19611.8
19517.3
19517.4
19578.9
19579
19490.3
19490.4
19509.7
19509.7
19793.7
19793.8
19495.9
19496
19497.6
19497.9
19524.5
19524.6
19425.7
19425.8
19744.1
19744.3
19600.6
19600.8
19410.8
19410.9
19666.4
19666.6
19677.9
19678
19719.2
19719.3
19577.6
19577.6
19754.7
19754.7
19680.4
19680.5
19523.1
19523.3
19665.1
19665.2
19564.7
19564.9
19464.3
19464.4
19890.8
19891
19550.1
19550.1
19568
19568.1
19702.3
19702.4
19646
19646
19740
19740.2
19675.2
19675.2
19605.3
19605.4
19644.1
19644.3
19581.1
19581.1
19561.1
19561.3
19614.8
19615
19539.9
19540
19758.3
19758.5
19678.7
19678.8
19513.1
19513.3
19666.3
19666.3
19758.8
19759
19596.6
19596.6
19574.5
19574.4
19564.5
19564.6
19797.4
19797.4
19605.2
19605.2
19512.3
19512.4
19792.2
19792.3
19399.2
19399.4
19481.7
19481.8
19496.7
19496.8
19882.5
19882.7
19695.2
19695.3
19753.2
19753.4
19778.6
19778.8
19686
19686.2
19499.2
19499.3
19440.7
19440.8
19643.9
19643.9
19563.5
19563.7
19484.1
19484.1
19706.3
19706.4
19649.5
19649.7
19740.3
19740.4
19353.4
19353.5
19419.1
19419.2
19644
19644.2
19530.6
19530.8
19857.4
19857.5
19541.5
19541.6
19634.4
19634.5
19657.8
19658
19423.1
19423.2
19505.3
19505.5
19716.3
19716.5
19625.2
19625.4
19596.5
19596.8
19818.4
19818.6
19801.1
19801.3
19477
19477
19655.1
19655.3
19561.6
19561.7
19398.4
19398.4
19638.6
19638.7
19525.6
19525.6
19524.7
19524.9
19171.3
19171.4
19827.6
19827.7
19592.9
19592.9
19518.6
19518.8
19738.7
19738.9
19796.1
19796.1
19645
19645.1
19721.1
19721.2
19482
19482
19654.6
19654.7
19656.2
19656.4
19662.4
19662.5
19637.8
19637.9
19845.7
19845.8
19613.8
19613.9
19604.2
19604.3
19722.7
19722.8
19537.8
19538
19653
19653.2
19556.4
19556.5
19551.6
19551.7
19423.6
19423.6
19755.1
19755.1
19639.6
19639.7
19578
19578.3
19661.7
19661.9
19784.9
19785
19781.1
19781.2
19605.9
19606
19470.3
19470.4
19818.4
19818.7
19711.8
19711.9
19646.3
19646.5
19716.7
19716.9
19642.9
19642.9
19606.2
19606.2
19398.9
19398.8
19737.6
19737.8
19745.7
19745.8
19642.2
19642.4
19528
19528
19400.7
19400.9
19709.1
19709.2
19593.7
19593.8
19624
19624.1
19595.8
19595.9
19681.4
19681.5
19757.3
19757.5
19691.8
19692
19493.3
19493.4
19813.8
19813.9
19482.4
19482.4
19551.5
19551.7
19459.5
19459.5
19535.9
19536
19579.9
19580.1
19606.5
19606.7
19836.6
19836.6
19425.9
19426
19511.8
19511.9
19789.5
19789.6
19689.9
19690
19565.9
19566
19668
19668.1
19509.5
19509.6
19718.7
19718.8
19670.6
19670.6
19709.4
19709.4
19422.4
19422.4
19597.7
19597.7
19545.9
19546
19574.3
19574.5
19659
19659.2
19700.8
19700.9
19498.7
19498.9
19595.6
19595.8
19706.7
19706.8
19765.2
19765.3
19656.4
19656.5
19404.2
19404.2
19816.8
19816.9
19655.3
19655.4
19716.4
19716.4
19995.7
19995.7
19462.3
19462.4
19544.2
19544.4
19473.4
19473.5
19775.4
19775.5
19646
19646.1
19397.6
19397.7
19595.3
19595.5
19831.6
19831.7
19680.9
19681.1
19621.6
19621.7
19873.4
19873.6
19488.6
19488.9
19664.8
19664.9
19518.6
19518.7
19646
19646.1
19887.8
19887.9
19651.7
19651.9
19658.2
19658.3
19593.5
19593.6
19630.6
19630.8
19601.2
19601.4
19757
19757.2
19694.1
19694.2
19798.6
19798.7
19628.1
19628.3
19527.7
19527.8
19614.8
19614.8
19726.5
19726.6
19317.3
19317.4
19525.2
19525.2
19707.6
19707.6
19572.5
19572.7
19575.6
19575.8
19725.5
19725.7
19608.9
19609.1
19632.1
19632.2
19568.9
19569.1
19294
19294
19579.6
19579.7
19448.5
19448.6
19734.6
19734.6
19648.2
19648.2
19723.5
19723.6
19555
19555.2
19623.5
19623.6
19553.7
19553.9
19690.1
19690.2
19545.4
19545.6
19760.7
19760.8
19482.8
19482.9
19503
19503
19856.3
19856.4
19512.1
19512.2
19646.5
19646.5
19545.1
19545.2
19631.6
19631.8
19735.3
19735.5
19635.1
19635.3
19615.7
19615.7
19671.6
19671.7
19540.9
19541.1
19478
19478.1
19627.3
19627.3
19572.7
19572.8
19429
19429.3
19627.7
19627.8
19738.3
19738.5
19496.9
19497
19527.6
19527.7
19541.8
19542
19630
19630.1
19611.9
19612.1
19503.6
19503.6
19502.6
19502.7
19396.7
19396.8
19635.6
19635.7
19573.8
19573.9
19490.7
19490.9
19640.6
19640.9
19784.4
19784.4
19582
19582.1
19603.8
19603.9
19669.8
19669.8
19655.9
19656
19467.9
19468
19782.5
19782.5
19557.2
19557.3
19613.5
19613.7
19647.5
19647.6
19703.5
19703.5
19747.3
19747.5
19660.7
19660.9
19510.3
19510.4
19726.7
19726.8
19668.7
19668.9
19597.2
19597.3
19794.8
19794.9
19703
19703.1
19718.5
19718.6
19368.3
19368.4
19448.4
19448.4
19604
19604.2
19577.5
19577.6
19417.6
19417.7
19562.2
19562.2
19533.2
19533.3
19711.7
19712
19572.4
19572.5
19498.3
19498.4
19511.4
19511.5
19554.5
19554.7
19669.3
19669.4
19694.2
19694.2
19534.8
19534.9
19637.5
19637.7
19578.1
19578.3
19779.5
19779.6
19616.3
19616.4
19571.9
19572
19490.1
19490.3
19595.7
19595.7
19786.1
19786.2
19512.8
19512.8
19680.7
19680.9
19646.6
19646.7
19397.3
19397.3
19523.1
19523.3
19574.1
19574.3
19466.7
19466.8
19579.8
19579.8
19507.6
19507.7
19508.1
19508.2
19527.2
19527.3
19691.6
19691.7
19573.9
19574
19617.1
19617.3
19555.1
19555.3
19592.3
19592.4
19549
19549.1
19633.2
19633.3
19727.1
19727.3
19839.6
19839.8
19765.9
19766
19916.7
19916.9
19710.7
19710.8
19812.3
19812.5
19498.3
19498.5
19520.8
19520.9
19624.1
19624.2
19454.6
19454.7
19511.1
19511.2
19819.9
19820.1
19699.9
19700
19476.7
19476.9
19596
19596.2
19571.7
19571.9
19646.6
19646.8
19465.7
19465.8
19558.2
19558.3
19612.5
19612.7
19529.4
19529.6
19780.7
19780.8
19399.6
19399.7
19572.1
19572.3
19503.3
19503.4
19782.3
19782.6
19714
19714.1
19584.5
19584.6
19669.7
19670
19671.9
19672
19661.1
19661.2
19437.2
19437.3
19519.1
19519.1
19678.4
19678.5
19711
19711.1
19494.7
19494.8
19769.8
19769.8
19805.7
19805.7
19810.9
19811.1
19759.7
19759.8
19759.6
19759.7
19640.8
19641.1
19710.7
19710.8
19697.4
19697.4
19668.8
19668.9
19455.2
19455.4
19523.6
19523.8
19527.4
19527.5
19549.4
19549.6
19583.5
19583.6
19764.6
19764.8
19547.5
19547.6
19726.3
19726.4
19686
19686
19714.8
19715
19749.1
19749.1
19799.2
19799.4
19860
19860.1
19732.3
19732.4
19578.3
19578.4
19450.9
19451
19705.5
19705.6
19558.8
19559
19512.9
19513
19384.4
19384.5
19400
19400.2
19375.5
19375.5
19403.4
19403.4
19769.1
19769.2
19705.4
19705.6
19736.9
19736.9
19515.3
19515.5
19661.6
19661.7
19662.6
19662.6
19463.8
19463.9
19722.2
19722.3
19459.6
19459.7
19560
19560.1
19489.4
19489.5
19674.7
19674.9
19613.4
19613.5
19651.7
19651.8
19679.1
19679.3
19710.1
19710.1
19669.8
19669.9
19553.7
19553.8
19765.3
19765.4
19610
19610
19535.7
19535.9
19644.6
19644.7
19657.5
19657.7
19430
19430.2
19438.5
19438.5
19579.6
19579.8
19864.2
19864.2
19622.3
19622.4
19707.3
19707.5
19611.5
19611.7
19666.5
19666.7
19732.1
19732
19529.3
19529.4
19583.9
19584.1
19532.7
19532.8
19806.4
19806.6
19498
19498.1
19694.1
19694.1
19718.8
19719
19673.7
19673.8
19510.2
19510.4
19638
19638.1
19526.3
19526.4
19612.7
19612.8
19582
19582
19715.7
19715.8
19558.8
19558.8
19573.6
19573.6
19644.5
19644.7
19512
19512.1
19999.3
19999.4
19520.9
19521
19389.2
19389.5
19930.7
19930.8
19636
19636.1
19660
19660.2
19718.2
19718.3
19732.1
19732.4
19836.2
19836.4
19613.5
19613.7
19593.5
19593.5
19628.1
19628.2
19502
19502.1
19672.6
19672.7
19480.6
19480.7
19802.7
19802.9
19531.8
19532
19620.2
19620.3
19546.6
19546.8
19571.1
19571.2
19876.6
19876.7
19608.2
19608.3
19616.2
19616.3
19832.1
19832.2
19602
19602.2
19570.5
19570.5
19587.3
19587.4
19324.2
19324.3
19341.5
19341.6
19653.4
19653.4
19490.8
19491
19482.3
19482.5
19598.7
19598.9
19616.3
19616.5
19588.2
19588.3
19839.7
19839.8
19409.5
19409.6
19418.2
19418.3
19586.1
19586.2
19639.6
19639.8
19496.1
19496.2
19703.3
19703.5
19729.7
19729.8
19717.2
19717.4
19443.7
19443.9
19718.3
19718.4
19594.8
19594.9
19508.6
19508.8
19674.3
19674.3
19534
19534.1
19480
19480.1
19857.3
19857.4
19637.4
19637.5
19357.1
19357.1
19695.6
19695.6
19536.4
19536.6
19885.5
19885.5
19622.4
19622.5
19512.5
19512.7
19546.5
19546.7
19488.2
19488.2
19568.4
19568.6
19705.8
19705.9
19632.7
19632.9
19550.3
19550.5
19856.6
19856.6
19661.8
19661.8
19716.7
19716.9
19745.2
19745.3
19628.4
19628.6
19685.3
19685.5
19787.6
19787.8
19823.6
19823.8
19486
19486.1
19492.8
19492.9
19672.4
19672.5
19495.7
19495.8
19447.4
19447.6
19547.2
19547.4
19457.2
19457.4
19333.9
19334
19467.6
19467.7
19604.9
19605
19783.8
19783.9
19648.9
19649
19663.3
19663.4
19594.8
19594.9
19539.2
19539.3
19566.9
19567
19773.3
19773.5
19443.2
19443.3
19533.1
19533.2
19399.9
19400
19661.4
19661.6
19669.3
19669.4
